Lenet01
lr=0.01
             precision    recall  f1-score   support

          0       0.99      0.99      0.99      1677
          1       0.99      0.99      0.99      1935
          2       0.99      0.98      0.99      1767
          3       0.99      0.97      0.98      1766
          4       0.99      0.99      0.99      1691
          5       0.98      0.99      0.98      1653
          6       0.99      0.99      0.99      1754
          7       0.98      0.98      0.98      1846
          8       0.97      0.98      0.97      1702
          9       0.97      0.98      0.97      1709

avg / total       0.98      0.98      0.98     17500

Lenet02
            precision    recall  f1-score   support

          0       0.99      0.99      0.99      1677
          1       0.97      1.00      0.98      1935
          2       0.99      0.97      0.98      1767
          3       0.98      0.98      0.98      1766
          4       0.99      0.98      0.99      1691
          5       0.99      0.98      0.98      1653
          6       1.00      0.99      0.99      1754
          7       0.99      0.98      0.98      1846
          8       0.97      0.98      0.98      1702
          9       0.96      0.98      0.97      1709

avg / total       0.98      0.98      0.98     17500


